预测结果
25.84156153242183
26.036744541256716
34.506018371746805
24.895531868989213
28.425987074049104
30.561382369465477
8.586942617298464
30.72185619916466
20.55678574326613
28.64682345554634
12.612149020562107
25.264346501512993
16.773696216235948
29.680193790692638
21.822996831658735
29.248340354750958
20.39502625549438
33.38385417298574
26.677729344224336
29.951494979913363
18.938203090547205
34.50905162659704
35.48745147625488
14.894058228551252
28.455934352732243
25.63054630534323
21.025780328302893
16.179038576080195
28.696051424593087
24.09256378359306
13.39025838166829
23.449470940091985
20.799447622396706
31.893022309828037
12.280400989807351
36.22266954978726
10.863664704240293
24.365420675205534
11.440898575871852
7.1367258824576325
12.857318103766799
27.561180549324195
34.72959155881547
26.3858942591093
11.989754206695045
9.797805399323941
17.60852520213931
31.377336865159812
24.351625540180176
30.204057315810584
11.901512574600586
26.516541589631245
23.122311539208447
35.135602298124425
28.26003717424049
17.78388637932662
20.273919001037427
22.705606748715905
22.711783358434477
25.99895525802034
8.484827561876772
22.696868925286054
25.76229967420445
23.347947041511038
29.958149810870403
28.726949681207152
25.734737031099083
29.42872473934425
21.738435309755705
10.072361841038415
22.754174011158202
13.26592331546206
26.78365807511333
27.95681744394622
24.16456203741591
24.063693265055925
14.015524997778265
14.858752523297266
25.759439812602768
